Code	d13C	d15N
1	-18.78508346	13.34495633
1	-24.89779845	7.508090731
1	-23.38255837	7.522924282
1	-23.56877804	8.790698433
1	-21.83007436	9.779601828
1	-22.50340549	6.913759791
1	-22.83272028	11.15121084
1	-22.09470231	13.57105744
1	-19.8786882	10.22658616
1	-22.16919018	9.889370104
1	-20.90387651	11.1976893
1	-23.77655999	6.974082898
1	-22.00943331	9.231749347
1	-24.65571287	7.040339426
1	-20.61376586	13.08550587
1	-23.70991295	14.45711488
1	-23.39824003	9.481941906
1	-23.2237816	10.07528394
1	-20.9293592	13.06572781
1	-24.23132804	7.652470627
1	-21.02148894	10.59742493
1	-22.55927139	6.143404047
1	-23.78832124	8.335802872
1	-24.2764128	6.863325718
1	-24.82429068	6.5666547
1	-23.02090016	7.499190601
1	-23.01501954	8.899477807
1	-22.11430439	8.24185705
1	-23.96571998	8.166700392
1	-21.90456223	9.973426893
1	-23.10322886	5.898156005
1	-22.84252132	6.291739556
1	-20.21976424	9.172415144
1	-23.23848315	9.582810052
1	-21.14204167	9.773668407
1	-23.68541036	8.674996736
1	-18.86036062	11.97002285
1	-20.85291113	10.6458812
1	-20.57848213	9.700489556
1	-20.15703761	11.55765013
1	-21.49977946	10.86047324
1	-22.91308877	7.340966057
1	-23.49723048	8.034187337
1	-23.33845371	8.778831593
1	-23.70991295	10.7902611
1	-21.59876992	11.06220953
1	-23.44234469	9.866625326
1	-20.50791468	10.9089295
1	-23.24534387	8.131099869
1	-22.13194625	9.543253916
1	-20.34031697	10.98111945
1	-22.88368567	8.581050914
1	-21.44391356	11.24812337
1	-24.07353137	7.762238903
1	-23.3090506	8.016387076
1	-21.5360433	9.204060052
1	-22.81213811	8.981556789
1	-23.37373744	8.098466057
1	-22.97973581	9.380084856
1	-22.40931555	8.993423629
1	-21.63797406	10.79520561
1	-19.08382423	11.90969974
1	-22.96111385	6.955293734
1	-22.72490889	6.019791123
1	-22.13880697	9.055724543
1	-24.02942671	7.323165796
1	-20.88231423	10.61819191
1	-23.59132042	7.134285248
1	-22.68668485	8.333825065
1	-22.93661126	9.419640992
1	-21.22044995	9.163515013
1	-22.27210106	6.35107376
1	-24.2764128	8.14
1	-24.09019313	6.79410248
1	-23.22	6.32
1	-22.22211578	6.214605091
1	-20.70295528	10.0060607
1	-20.33541646	10.64192559
1	-19.05050071	12.12132507
1	-21.89868161	8.742242167
1	-21.22535047	10.69631527
1	-20.80096564	11.8414654
1	-23.48154883	6.865303525
1	-23.47860852	6.778280026
1	-21.84477591	7.651481723
1	-21.84967643	6.67444517
1	-23.10126865	6.89595953
1	-23.15517435	7.432934073
1	-22.97385519	6.247238903
1	-23.15713455	6.097914491
1	-21.14008146	8.588962141
1	-22.93661126	5.592584856
1	-23.18163714	5.440293734
1	-23.57955918	5.816077023
1	-23.79420186	6.220538512
1	-23.32277205	3.947049608
1	-20.10185715	10.6131789
1	-23.00966984	8.599455329
1	-23.29790196	7.110486961
1	-23.33712036	8.470973223
1	-23.60476207	7.738835511
1	-21.20675903	10.17594808
1	-20.81462141	12.64094448
1	-19.44442965	11.07269721
1	-22.42204624	9.234030855
1	-20.92322606	11.23492689
1	-22.85162133	7.321994592
1	-23.1064853	8.125844356
1	-22.95473779	8.801447538
1	-23.03302476	8.626069438
1	-23.92924366	8.341827997
1	-21.2387138	9.635754092
1	-20.3519498	11.34555711
1	-22.02244399	9.549117468
1	-24.01550815	9.129785171
1	-22.1126556	9.017828599
1	-21.85648063	10.28835899
1	-19.24326118	12.85846987
1	-22.29458267	9.137757199
1	-21.54910806	9.119220373
1	-21.53832477	10.39246156
2	-19.11267161	12.84356687
2	-24.52927951	7.849262402
2	-22.2564194	6.833658616
2	-23.05324358	7.86904047
2	-20.49321313	11.03353133
2	-21.57230713	5.954523499
2	-20.82056771	11.30547977
2	-21.94964699	8.118244125
2	-20.4304865	10.00012728
2	-20.75490077	10.43722258
2	-19.35727312	12.75026762
2	-23.01207923	7.639614883
2	-22.99345726	8.281413185
2	-23.58838011	6.599288512
2	-22.09960283	9.524464752
2	-20.36775987	11.54380548
2	-22.40931555	8.78970953
2	-21.22339026	9.843880548
2	-20.94014034	10.90398499
2	-23.79616206	7.047261749
2	-21.04795173	9.965515666
2	-22.92583012	5.984190601
2	-22.44753959	9.993204961
2	-23.43450386	6.822780679
2	-23.99120267	6.765424282
2	-22.7004063	7.251964752
2	-22.65630164	9.111103133
2	-20.16585854	8.997379243
2	-24.01962567	7.273720627
2	-21.58406837	9.624343995
2	-23.04932317	6.858381201
2	-21.73304411	5.960456919
2	-19.51703	10.26020888
2	-21.38510735	10.06935052
2	-20.4295064	9.342506527
2	-22.01433382	9.146703655
2	-18.76235027	11.35294713
2	-19.62484139	10.7052154
2	-22.05157776	8.808498695
2	-22.61121688	9.108136423
2	-22.28876282	7.71477154
2	-22.08196097	8.596873368
2	-22.54358974	8.650274151
2	-22.4240171	8.229001305
2	-22.091762	8.815421018
2	-22.01041341	9.462163838
2	-22.66806289	8.816409922
2	-22.60435616	9.901236945
2	-23.06402472	8.073743473
2	-20.96562303	9.766746084
2	-20.43832733	9.994193864
2	-22.85526266	8.394148172
2	-22.35835017	9.385029373
2	-22.95327302	7.308332245
2	-21.42235128	9.893325718
2	-21.22241016	8.653240862
2	-21.1234197	9.995182768
2	-22.09862273	8.002542428
2	-21.88496016	9.149670366
2	-20.74705994	11.05726501
2	-21.41745077	9.348439948
2	-18.9103459	11.90969974
2	-21.19692747	8.340747389
2	-21.50075957	6.651700392
2	-21.25867399	9.527431462
2	-23.50311111	7.441834204
2	-19.73461298	11.17494452
2	-22.65336133	7.131318538
2	-21.90064181	8.407003916
2	-21.85457695	9.615443864
2	-20.54711882	9.102203003
2	-20.5980842	6.322395561
2	-23.62072353	8.657196475
2	-23.8882918	6.94243799
2	-23.15909476	9.106158616
2	-22.8366407	6.56368799
2	-19.71697112	11.15714426
2	-20.13939575	10.66961488
2	-18.72608644	12.31613903
2	-20.76862222	10.07528394
2	-22.2848424	9.594676893
2	-21.00286697	11.65357376
2	-23.73441554	6.832669713
2	-23.96964039	6.78816906
2	-22.01433382	7.746416449
2	-21.22731068	6.583466057
2	-22.6729634	7.828495431
2	-24.02354609	7.276687337
2	-22.80821769	6.670489556
2	-22.39853441	6.247238903
2	-20.93131941	8.337780679
2	-22.78371511	5.758720627
2	-22.90132753	6.736746084
2	-22.63963988	6.361951697
2	-22.85722287	6.897937337
2	-22.81801873	5.144611619
2	-20.90185715	10.22131789
2	-22.70966984	8.499455329
2	-22.89790196	7.028486961
2	-22.73712036	8.370973223
2	-23.05476207	7.578835511
2	-20.90675903	10.27594808
2	-20.03814621	12.13640944
2	-20.20873158	11.15711276
2	-22.22046239	9.44030855
2	-20.23226059	11.62349269
2	-22.58516213	7.199459213
2	-22.81064853	8.58443562
2	-22.80966815	8.931438475
2	-23.33024762	8.726069438
2	-24.72924366	8.791827997
2	-21.68713804	9.983575409
2	-20.63519498	11.55571079
2	-22.44398804	9.91174683
2	-24.5508153	9.978517059
2	-22.26555967	9.178285986
2	-22.43810579	9.91174683
2	-19.03326118	12.74846987
2	-22.06458267	9.045757199
2	-21.13910806	8.999220373
2	-21.07832477	10.32046156
3	-24.38226398	8.995401436
3	-26.75901507	6.820802872
3	-21.43509263	11.8701436
3	-22.55241067	10.59346932
3	-23.18261725	9.086380548
3	-23.3639364	8.388214752
3	-21.01560831	12.5089752
3	-22.28876282	11.85333225
3	-20.7901845	11.88695496
3	-21.9800302	10.29877611
3	-22.75725231	8.784765013
3	-24.11959623	9.75982376
3	-23.1698759	9.069569191
3	-23.60011474	10.17881622
3	-22.37011141	10.27405352
3	-24.14703913	9.611488251
3	-25.37020835	8.693785901
3	-22.01335372	10.4995235
3	-23.79616206	7.971886423
3	-23.23946325	8.298224543
3	-24.36756243	7.625770235
3	-23.8324259	7.195597258
3	-24.2479898	9.529409269
3	-27.29709192	6.380740862
3	-19.81400137	12.26372715
3	-24.07941199	9.453263708
3	-27.3745201	9.105169713
3	-25.61327403	6.320417755
3	-26.2689633	9.186259791
3	-23.88633159	8.996390339
3	-23.07970637	8.334813969
3	-23.58838011	7.375577676
3	-27.1265539	7.014627937
3	-25.3564869	8.633462794
3	-25.92004644	7.928374674
3	-30.21289996	7.500179504
3	-20.46282992	11.23526762
3	-24.48027434	8.056932115
3	-23.41196148	9.639177546
3	-24.77136509	7.799817232
3	-23.47174779	8.630496084
3	-24.48909527	7.928374674
3	-24.55084179	10.81300587
3	-23.45116562	9.416674282
3	-24.63939778	8.472416048
3	-24.6656423	9.045724888
3	-24.90604212	9.647126901
3	-22.93455368	10.15592549
3	-24.01162884	9.773025939
3	-23.76178099	9.195555147
3	-22.27214197	11.06635241
3	-22.18186081	10.82599971
3	-23.08467234	10.84160702
3	-25.01836867	9.95198986
3	-21.11318391	12.26811595
3	-23.72083954	8.606638989
3	-22.97654492	10.83848556
3	-26.98670776	9.656491293
3	-23.82360496	10.16230744
3	-23.95297863	9.625332898
3	-24.21760659	8.910355744
3	-24.34698026	8.331847258
3	-22.58377398	11.01375326
3	-23.77263958	9.985293734
3	-23.99120267	8.292291123
3	-22.26426023	9.603577023
3	-27.44410745	10.13165144
3	-24.31071642	9.136814621
3	-24.35678129	8.710597258
3	-28.121359	7.905629896
3	-25.65051797	8.832232376
3	-24.71157877	6.914748695
3	-25.02779961	8.173150334
3	-25.04775429	9.976393603
3	-25.01345066	7.589180809
3	-21.98591082	7.432934073
3	-21.93102502	7.4408453
3	-23.55505659	7.757294386
3	-23.10616917	9.885414491
3	-22.77489417	8.575117493
3	-23.15419424	7.051217363
3	-23.38157827	6.824758486
3	-27.82157814	9.397373012
3	-22.80821769	8.404037206
3	-23.15517435	7.757294386
3	-25.21186994	12.17050795
3	-24.4817243	8.763309389
3	-25.08608855	9.11760903
3	-25.46138749	9.761883017
3	-25.02882222	9.200312981
3	-26.91656569	10.27954849
3	-24.67295292	9.80680862
3	-24.55330721	8.778624936
3	-22.85896946	13.68734147
3	-27.41253297	6.877455105
3	-23.28322195	9.405541303
3	-25.10142774	9.353468445
3	-22.79841666	7.055172977
3	-24.87747551	7.320584915
3	-26.94417624	9.042052335
3	-25.30288249	7.72797845
3	-24.40605095	9.662842483
3	-25.96349044	6.957095947
3	-24.72715141	5.88398666
4	-21.97427739	7.789240636
4	-21.24413176	7.678968702
4	-21.58363925	8.112909184
4	-21.44865435	6.961180092
4	-20.89542075	8.789856337
4	-22.71362654	7.977111339
4	-22.16039295	7.252175475
4	-22.79441296	8.513155464
4	-21.43229254	8.785772191
4	-21.72066939	6.188255516
4	-22.27185776	7.215418163
4	-20.73078007	7.58809646
4	-21.01506646	6.440451514
4	-21.75543822	7.069409954
4	-21.19095589	7.803535146
4	-19.39933803	6.594628014
4	-21.28299105	6.711026167
4	-21.80452365	7.691221139
4	-22.50194567	6.953011801
4	-21.15516443	5.217249872
4	-21.01097601	7.149050795
4	-22.56637028	7.358363263
4	-21.43842822	5.343858389
4	-20.98745591	6.917275526
4	-21.15414182	7.953627501
4	-24.05836255	7.136798358
4	-22.52546576	8.939948692
4	-21.97325478	8.356936891
4	-22.29333263	7.611580298
4	-21.24310915	6.915233453
4	-21.52637293	6.782498717
4	-22.87826722	9.788429964
4	-21.40161415	7.404309903
4	-22.29333263	7.333858389
4	-23.35685008	6.67018471
4	-21.20220463	8.103719856
4	-19.07516973	6.294443304
4	-20.67760419	7.523771165
4	-21.43331515	6.779435608
4	-20.85553884	7.598306824
4	-20.62136048	7.096977937
4	-21.2789006	7.934227809
4	-20.79520468	8.049604926
4	-21.4210438	8.810277065
4	-21.80247842	7.180702925
4	-21.69305884	7.535002565
4	-20.71441826	5.561339148
4	-21.21243076	7.951585428
4	-22.22584017	7.533981529
4	-20.91075994	7.283827604
4	-22.48558386	8.763309389
4	-22.08676481	7.34202668
4	-21.27276492	7.981195485
4	-20.61829264	7.62791688
4	-20.56920722	6.393483838
4	-20.76554891	8.115972293
4	-20.84326749	7.47374038
4	-19.60386062	7.082683427
4	-20.77372981	8.943011801
4	-20.48535296	8.326305798
4	-20.09778266	7.829061057
4	-21.71453371	6.57012314
4	-21.17254885	7.435962032
4	-20.98336546	6.445556696
4	-21.84645078	7.405330939
4	-17.97483821	11.96017445
4	-22.62772706	7.355300154
4	-21.42002118	7.747378143
4	-22.52444315	7.505392509
4	-21.83622465	7.15926116
4	-20.87394588	7.854586968
4	-21.25844834	8.478440226
4	-20.84326749	5.119230375
4	-21.68487793	7.54214982
4	-21.3024207	7.105146229
4	-21.18993327	7.798429964
4	-21.03040566	6.829466393
4	-20.36059419	7.500287327
4	-21.64806387	8.74595177
4	-20.27162686	7.217460236
4	-20.91587301	7.646295536
4	-20.09982789	5.896239097
4	-21.09585288	8.308948179
4	-20.49251125	8.924633145
4	-21.43536038	8.400841457
4	-21.84951861	6.85601334
4	-23.47036011	6.464956388
4	-25.08506593	6.750846588
4	-20.97416194	5.092683427
4	-21.82702113	8.037352488
4	-21.80247842	7.850502822
4	-20.2112927	5.947290918
4	-20.56102632	7.969964084
4	-20.81	7.43
4	-21.31571466	7.646295536
4	-20.91687489	8.1925248
4	-20.31745002	7.939686237
4	-21.64122368	10.38691381
4	-20.65547946	7.76384378
4	-21.01240495	7.595284738
4	-21.50475216	8.650339481
4	-21.28954709	8.296573591
4	-21.18	8.32
4	-21.10163632	7.062554927
4	-21.22551046	7.865811595
4	-21.56039055	6.729598795
4	-19.94687738	9.751175693
4	-19.88	9.68
4	-21.5467434	7.496438386
4	-19.4471817	8.691958998
4	-20.37098885	7.635863767
4	-22.02544347	9.790714233
4	-20.56414852	8.750226321
4	-19.95737519	8.828262914
4	-21.93726188	9.096708796
4	-19.17633824	12.21401058
4	-20.02351139	7.269612021
4	-21.93831166	10.60437578
4	-23.72503866	9.299603939
4	-20.87278409	8.273682857
4	-20.67962442	7.538057903
4	-20.88433168	9.803200088
